9
0 1 1 0 1 0 0 0 0
1 0 0 1 0 0 0 0 0
1 0 0 0 0 1 1 0 1
0 1 0 0 0 0 0 0 0
1 0 0 0 0 0 0 1 0
0 0 1 0 0 0 1 0 0
0 0 1 0 0 0 0 0 0
0 0 0 0 1 0 0 0 1
0 0 1 0 0 0 0 1 0


11
0 1 0 0 0 0 0 0 0 0 1 
1 0 1 0 0 1 1 1 0 0 0
0 1 0 1 0 1 0 0 0 0 0
0 0 1 0 1 0 0 0 0 0 0
0 0 0 1 0 1 0 0 0 0 0
0 1 1 0 1 0 1 0 1 0 0
0 1 0 0 0 1 0 1 0 0 0
0 1 0 0 0 0 1 0 1 0 0
0 0 0 0 0 1 0 1 0 1 1
0 0 0 0 0 0 0 0 1 0 0
1 0 0 0 0 0 0 0 1 0 0

5
0 1 0 1 1
1 0 1 0 1
0 1 0 1 1
1 0 1 0 1
1 1 1 1 0

3
0 1 1
1 0 1
1 1 0

7
0 1 0 0 0 1 1
1 0 1 0 0 0 1
0 1 0 1 0 0 1
0 0 1 0 1 0 1
0 0 0 1 0 1 1
1 0 0 0 1 0 1
1 1 1 1 1 1 0

